Yumetarou eyes open

5 5 5 5 4 4 5 5 5 5 5 5 5 5 5 5
5 5 5 5 4 3 4 5 5 5 5 5 5 5 5 5
5 5 5 5 4 3 3 4 5 5 5 5 5 5 5 5
5 5 5 5 2 2 2 2 2 2 5 5 5 5 5 5
5 5 5 5 2 2 1 1 1 1 2 2 5 5 5 5
5 5 5 2 1 1 1 1 1 1 1 1 2 5 5 5
5 5 2 1 1 1 1 1 1 1 1 1 2 5 5 5
5 5 2 1 1 1 0 0 0 1 1 0 0 2 5 5
5 2 1 1 1 0 0 2 2 2 0 0 2 2 5 5
5 2 1 1 1 0 0 0 2 2 0 0 0 2 5 5
2 1 1 1 1 0 0 2 2 2 0 0 2 2 2 5
2 1 1 1 1 1 0 0 0 1 1 0 0 1 2 5
2 1 1 1 1 1 1 1 1 1 1 1 1 1 1 2
2 1 1 2 1 1 1 1 1 1 1 1 1 1 1 2
5 2 2 1 1 1 1 1 1 2 2 2 1 1 1 2
5 2 1 1 1 1 1 1 1 1 1 1 1 1 1 2
5 2 1 1 1 1 1 1 1 1 1 1 1 1 2 5
5 5 2 2 1 1 1 1 1 1 1 1 1 2 2 5
1 0 0 0 2 2 2 2 2 2 2 2 2 0 0 0

0 White
1 Light green
2 Dark green
3 Light gold
4 Dark gold
5 Transparent

Yumetarou eyes closed

5 5 5 5 4 4 5 5 5 5 5 5 5 5 5 5
5 5 5 5 4 3 4 5 5 5 5 5 5 5 5 5
5 5 5 5 4 3 3 4 5 5 5 5 5 5 5 5
5 5 5 5 2 2 2 2 2 2 5 5 5 5 5 5
5 5 5 5 2 2 1 1 1 1 2 2 5 5 5 5
5 5 5 2 1 1 1 1 1 1 1 1 2 5 5 5
5 5 2 1 1 1 1 1 1 1 1 1 2 5 5 5
5 5 2 1 1 1 0 0 0 1 1 0 0 2 5 5
5 2 1 1 1 0 0 0 0 0 0 0 0 0 5 5
5 2 1 1 1 0 2 2 2 2 0 2 2 2 5 5
2 1 1 1 1 0 0 0 0 0 0 0 0 0 2 5
2 1 1 1 1 1 0 0 0 1 1 0 0 1 2 5
2 1 1 1 1 1 1 1 1 1 1 1 1 1 1 2
2 1 1 2 1 1 1 1 1 1 1 1 1 1 1 2
5 2 2 1 1 1 1 1 1 2 2 2 1 1 1 2
5 2 1 1 1 1 1 1 1 1 1 1 1 1 1 2
5 2 1 1 1 1 1 1 1 1 1 1 1 1 2 5
5 5 2 2 1 1 1 1 1 1 1 1 1 2 2 5
1 0 0 0 2 2 2 2 2 2 2 2 2 0 0 0

0 White
1 Light green
2 Dark green
3 Light gold
4 Dark gold
5 Transparent

Bird Wings Level

3 3 3 3 3 3 3 3
3 0 0 0 1 0 0 3
2 3 3 0 0 3 3 2
3 3 3 1 0 3 3 3
3 3 3 3 3 3 3 3

0 White
1 Gray
2 Black
3 Transparent

Bird wings Down

3 3 3 0 1 3 3 3
3 3 3 0 0 0 3 3
3 3 3 0 1 0 1 3
3 3 0 3 3 3 0 3
3 3 2 3 3 3 2 3

0 White
1 Gray
2 Black
3 Transparent

Bird Wings Up

3 2 0 3 3 3 2 3
3 3 0 0 3 0 3 3
3 3 1 0 1 0 3 3
3 3 3 0 0 3 3 3
3 3 3 1 0 3 3 3

0 White
1 Gray
2 Black
3 Transparent

Shore interior

0: (252, 252, 252)
1: (128, 208, 16)
2: (116, 116, 116)
3: (0, 0, 0)

3 3 3 3 3 3 3 3 3 3 3 3 3 3 3 3 3 3 3 3 3 3 3 3 3 3 3 3 3 3 3 3
0 0 0 0 0 0 0 0 0 0 0 0 0 0 0 0 0 0 0 0 0 0 0 0 0 0 0 0 0 0 0 0
1 1 1 1 1 1 1 1 1 1 1 1 1 1 1 1 1 1 1 1 1 1 1 1 1 1 1 1 1 1 1 1
1 1 1 1 1 1 1 1 1 1 1 1 1 1 1 1 1 1 1 1 1 1 1 1 1 1 1 1 1 1 1 1
1 1 1 1 1 1 1 1 1 1 1 1 1 1 1 1 1 1 1 1 1 1 1 1 1 1 1 1 1 1 1 1
1 1 1 1 1 1 1 1 1 1 1 1 1 1 1 1 1 1 1 1 1 1 1 1 1 1 1 1 1 1 1 1
1 1 1 1 1 1 1 1 1 1 1 1 1 1 1 1 1 1 1 1 1 1 1 1 1 1 1 1 1 1 1 1
1 1 1 1 1 1 1 1 1 1 1 1 1 1 1 1 1 1 1 1 1 1 1 1 1 1 1 1 1 1 1 1
1 1 1 1 1 1 2 2 1 1 1 1 1 1 1 1 1 1 1 1 1 1 1 1 1 1 1 1 1 1 1 1
1 1 1 1 1 2 2 2 1 1 1 1 2 2 1 1 1 1 1 1 1 1 1 1 2 2 2 1 1 1 1 1
1 1 1 1 1 2 2 3 2 1 2 3 3 2 2 1 1 1 1 1 1 1 2 2 3 3 3 2 1 1 1 1
1 1 1 1 2 2 3 3 3 3 3 3 3 3 2 1 1 1 1 1 1 2 2 3 2 2 2 2 2 1 1 1
1 1 1 1 2 2 3 3 2 0 0 0 0 2 2 1 1 1 1 1 2 2 2 0 0 0 0 0 2 2 1 1
1 1 2 2 2 2 3 0 0 0 0 0 0 0 2 2 1 1 1 2 2 0 0 0 0 0 0 0 0 2 2 1
2 2 2 2 2 3 0 0 0 0 0 0 0 0 2 3 2 2 2 2 0 0 0 0 0 0 0 0 0 2 3 2
2 2 2 2 3 3 0 0 0 0 0 0 0 0 2 2 3 2 2 0 0 0 0 0 0 0 0 0 0 2 3 2
2 2 2 3 3 2 0 0 0 0 0 0 0 0 2 2 3 2 0 0 0 0 0 0 0 0 0 0 0 2 3 3
3 3 3 3 3 2 0 0 0 0 0 0 0 2 2 2 3 2 0 0 0 0 0 0 0 0 0 0 0 2 3 3
2 2 2 3 3 2 0 0 0 0 0 0 2 2 2 3 3 2 0 0 0 0 0 0 0 0 0 0 2 2 3 3
0 0 0 0 2 2 2 0 0 0 0 2 2 2 3 3 3 2 2 0 0 0 0 0 0 0 0 2 2 2 3 2
0 0 0 0 0 2 2 2 2 2 2 2 2 2 2 0 0 0 2 2 0 0 0 0 0 0 2 2 2 3 2 0
0 0 0 0 0 0 2 3 3 2 2 2 2 2 0 0 0 0 0 2 3 2 2 2 2 2 2 2 2 3 0 0
0 0 0 0 0 0 0 2 3 3 3 3 2 0 0 0 0 0 0 0 2 3 2 2 2 2 2 2 3 2 0 0
0 0 0 0 0 0 0 0 2 3 3 2 0 0 0 0 0 0 0 0 2 3 3 2 2 2 3 3 3 2 0 0
0 0 0 0 0 0 0 0 2 3 2 0 0 0 0 0 0 0 0 0 2 3 0 0 0 0 2 3 3 2 0 0
0 0 0 0 0 0 0 0 2 3 0 0 0 0 0 0 0 0 0 0 2 0 0 0 0 0 0 2 3 2 0 0
0 0 0 0 0 0 0 2 2 3 0 0 0 0 0 0 0 0 0 0 2 0 0 0 0 0 0 0 2 3 0 0
0 0 0 0 0 0 2 2 3 2 0 0 0 0 0 0 0 0 0 0 2 0 0 0 0 0 0 0 2 3 2 0
0 0 0 0 0 2 2 2 3 2 0 0 0 0 0 0 0 0 0 2 2 0 0 0 0 0 0 0 2 3 2 2
2 0 0 0 2 2 2 2 3 2 0 0 0 0 0 0 0 2 3 3 2 0 0 0 0 0 0 0 2 3 2 2
2 2 2 2 2 2 2 3 3 2 2 0 0 0 0 0 2 3 2 2 2 2 0 0 0 0 0 0 2 3 2 2
2 2 2 2 2 2 3 3 3 2 2 2 2 2 2 2 2 0 0 0 0 0 2 0 0 0 0 2 2 3 3 2

Shore exterior

0: (252, 252, 252)
1: (128, 208, 16)
2: (116, 116, 116)
3: (0, 0, 0)

3 3 3 3 3 3 3 3 3 3 3 3 3 3 3 2
0 0 0 0 0 0 0 0 0 0 0 0 0 1 2 3
1 1 1 1 1 1 1 1 1 1 1 1 1 1 2 3
1 1 1 1 1 1 1 1 1 1 1 1 1 1 2 3
1 1 1 1 1 1 1 1 1 1 1 1 1 1 2 3
1 1 1 1 1 1 1 1 1 1 1 1 1 1 2 3
1 1 1 1 1 1 1 1 1 1 1 1 1 1 2 3
1 1 1 1 1 1 1 1 1 1 1 1 1 2 2 3
1 1 1 1 1 1 2 2 1 1 1 1 2 2 2 3
1 1 1 1 1 2 2 2 2 2 2 2 2 2 3 2
1 1 1 1 1 2 2 3 2 2 2 2 3 3 3 2
1 1 1 1 2 2 3 3 3 3 2 2 2 3 3 2
1 1 1 1 2 2 3 3 0 0 0 0 0 2 3 2
1 1 2 2 2 2 3 0 0 0 0 0 0 0 2 3
2 2 2 2 2 3 0 0 0 0 0 0 0 0 2 3
2 2 2 2 3 3 0 0 0 0 0 0 0 0 2 3
2 2 2 3 3 2 0 0 0 0 0 0 0 0 2 3
3 3 3 3 3 2 0 0 0 0 0 0 0 0 2 3
2 2 2 3 3 2 0 0 0 0 0 0 0 2 2 3
0 0 0 0 2 2 2 0 0 0 0 0 2 2 3 2
0 0 0 0 0 2 2 2 0 0 0 2 2 3 3 2
0 0 0 0 0 0 2 3 2 2 2 2 0 0 3 2
0 0 0 0 0 0 0 2 3 3 2 0 0 0 2 3
0 0 0 0 0 0 0 0 3 2 0 0 0 0 2 3
0 0 0 0 0 0 0 0 3 0 0 0 0 0 2 3
0 0 0 0 0 0 0 0 2 0 0 0 0 0 2 3
0 0 0 0 0 0 0 2 2 0 0 0 0 0 2 3
0 0 0 0 0 0 2 2 2 0 0 0 0 0 2 3
0 0 0 0 0 2 2 2 3 0 0 0 0 0 2 3
2 0 0 0 2 2 2 2 3 0 0 0 0 2 3 3
2 2 2 2 2 2 2 3 3 0 0 0 2 2 2 3
2 2 2 2 2 2 3 3 3 2 2 2 0 0 2 3

Far clouds

0: (255, 255, 255) // Transparent
1: (168, 228, 252)

0 0 0 0 0 0 0 0 0 0 0 0 0 0 0 0 0 0 0 0 0 0 0 1 1 1 1 0 0 0 0 0
0 0 0 0 0 0 0 0 0 0 0 0 0 0 0 0 0 0 0 0 0 1 1 1 1 1 1 1 1 0 0 0
0 0 0 1 1 0 0 0 0 0 1 1 1 1 0 0 0 0 0 1 1 1 1 1 1 1 1 1 1 0 0 0
1 1 1 1 0 1 1 0 1 1 1 1 1 1 1 1 0 0 0 1 1 1 1 1 1 1 1 1 1 1 0 0
1 1 1 1 1 1 1 1 1 1 1 1 1 1 1 1 1 0 1 1 1 1 1 1 1 1 1 1 1 1 1 1


Waves A

Shadow Palette
0: (60, 188,252)
1: (60, 188,252)
2: (168,228,252)
3: (168,228,252)
4: (252,252,252)

Light Palette
0: (168,228,252)
1: (252,252,252)
2: (168,228,252)
3: (252,252,252)
4: (252,252,252)

4 4 4 4 4 4 4 4 4 3 3 3 1 0 0 0 0 0 0 0 0 0 0 0 0 0 0 2 2 4 4 4 
4 4 4 2 2 0 0 0 0 2 3 3 3 3 3 3 4 4 4 4 4 3 3 2 2 2 0 0 0 0 0 0 
4 2 0 0 0 0 0 0 0 0 0 0 2 4 4 4 4 2 0 0 0 0 3 3 3 3 3 3 2 2 2 2 
0 0 2 2 2 2 2 2 0 0 0 0 0 0 0 0 0 0 0 0 0 0 0 0 0 0 3 3 3 3 3 3 
2 2 2 2 2 2 2 2 2 2 2 2 2 2 0 0 0 0 0 0 0 0 0 0 0 0 0 0 0 0 3 3 
2 2 2 2 2 2 2 2 2 2 2 2 2 2 2 2 2 2 2 2 0 0 0 0 0 0 0 0 0 0 0 0 
2 2 2 2 2 2 2 2 2 2 2 2 2 2 2 2 2 2 2 2 2 2 2 2 2 2 2 2 2 2 2 2 
2 2 2 2 2 2 2 2 2 2 2 2 2 2 2 2 2 2 2 2 2 2 2 2 2 2 2 2 2 2 2 2 

2 0 0 0 0 0 0 0 0 0 0 0 0 0 0 2 2 4 4 4 0 0 0 0 0 0 0 0 0 4 4 4
0 0 0 0 2 3 3 3 0 0 0 0 0 0 0 0 0 0 0 0 0 0 0 0 4 4 4 4 4 4 4 4
2 2 3 4 4 4 2 2 2 3 0 0 0 0 0 0 0 0 3 3 4 4 4 4 4 4 4 4 2 4 4 4
4 4 4 2 0 0 0 0 0 0 0 0 0 0 3 3 3 4 4 4 4 4 4 2 2 2 4 4 4 4 2 0
3 3 3 3 3 3 2 0 0 0 0 3 3 4 4 4 4 4 4 4 2 2 2 4 4 4 4 2 0 0 0 2
0 0 0 0 0 2 4 4 4 4 4 4 4 4 4 4 4 4 4 4 4 4 4 2 2 2 2 2 2 2 2 2
2 2 2 2 2 2 2 2 2 2 2 2 2 2 2 2 2 2 2 2 2 2 2 2 2 2 2 2 2 2 2 2
2 2 2 2 2 2 2 2 2 2 2 2 2 2 2 2 2 2 2 2 2 2 2 2 2 2 2 2 2 2 2 2

Waves B

Shadow Palette
0: (60, 188,252)
1: (60, 188,252)
2: (168,228,252)
3: (168,228,252)
4: (252,252,252)

Light Palette
0: (168,228,252)
1: (252,252,252)
2: (168,228,252)
3: (252,252,252)
4: (252,252,252)

2 2 2 2 2 0 0 0 0 0 0 0 0 2 2 4 4 4 4 4 4 4 4 4 3 3 2 0 0 0 0 0
0 0 0 0 0 0 0 2 2 2 4 4 4 4 4 4 4 4 4 4 4 0 0 0 0 0 3 3 2 2 2 0
0 0 0 2 2 2 4 4 4 4 4 4 4 4 4 4 4 4 0 0 0 0 0 0 0 0 0 0 1 1 1 2
2 2 4 4 4 4 4 4 4 4 4 2 2 4 4 4 0 0 0 0 0 0 0 0 0 0 0 0 0 0 0 1
4 4 4 4 4 4 2 2 2 2 4 4 4 2 0 0 2 2 2 2 2 2 2 2 2 2 2 0 0 0 0 0
4 4 4 2 2 2 4 4 4 4 0 0 2 2 2 2 2 2 2 2 2 2 2 2 2 2 2 2 2 2 2 2
2 2 2 2 2 2 2 2 2 2 2 2 2 2 2 2 2 2 2 2 2 2 2 2 2 2 2 2 2 2 2 2
2 2 2 2 2 2 2 2 2 2 2 2 2 2 2 2 2 2 2 2 2 2 2 2 2 2 2 2 2 2 2 2

0 0 2 2 2 4 4 4 4 4 4 4 3 3 3 3 3 3 3 2 2 2 2 0 0 0 0 0 0 0 0 0
0 0 0 0 0 0 0 2 2 4 4 3 3 3 3 2 0 0 0 0 0 0 0 0 0 0 2 2 2 2 2 2
2 2 2 2 2 2 0 0 0 0 0 0 0 0 0 0 0 0 0 2 2 4 4 4 4 2 4 2 0 0 0 0
1 1 1 1 1 2 2 2 2 2 2 0 0 0 0 0 4 4 4 4 4 4 0 0 0 0 0 0 0 0 0 2
0 0 0 1 1 1 1 1 3 3 3 3 3 3 2 2 0 0 0 0 0 0 0 0 0 0 0 2 4 4 4 4
0 0 0 0 0 0 0 0 0 0 0 0 0 3 3 3 4 4 4 4 4 4 4 4 4 4 4 4 4 4 4 4
2 2 2 2 2 2 2 2 0 0 0 0 0 0 0 0 0 0 0 0 0 0 4 4 4 4 4 4 4 4 4 2
2 2 2 2 2 2 2 2 2 2 2 2 2 2 2 2 2 2 2 2 2 2 2 2 2 2 2 2 2 2 2 2

Waves C

Shadow Palette
0: (60, 188,252)
1: (60, 188,252)
2: (168,228,252)
3: (168,228,252)
4: (252,252,252)

Light Palette
0: (168,228,252)
1: (252,252,252)
2: (168,228,252)
3: (252,252,252)
4: (252,252,252)

4 4 4 4 0 0 0 0 0 0 0 4 4 4 0 0 0 0 0 0 2 4 4 4 2 0 0 0 0 0 0 0
2 0 0 0 3 4 4 2 0 0 0 0 0 0 0 0 2 2 4 4 4 2 2 2 4 2 2 0 0 4 4 4
0 0 0 0 0 0 0 1 1 1 2 2 2 2 4 4 4 4 4 3 0 0 0 0 0 0 3 3 4 4 4 4
0 0 0 0 0 0 0 0 0 1 1 1 3 3 3 3 3 3 0 0 0 0 0 3 3 3 4 4 4 3 4 1
2 2 2 2 2 0 0 0 0 0 0 0 1 1 3 3 3 3 3 3 3 3 3 3 4 4 3 3 4 4 1 0
2 2 2 2 2 2 2 2 2 2 2 0 0 0 0 0 2 4 4 4 4 4 4 4 4 4 4 1 0 0 0 0
2 2 2 2 2 2 2 2 2 2 2 2 2 2 2 2 2 2 2 2 2 2 2 2 0 0 0 0 0 2 2 2
2 2 2 2 2 2 2 2 2 2 2 2 2 2 2 2 2 2 2 2 2 2 2 2 2 2 2 2 2 2 2 2

0 2 2 2 2 0 0 0 0 0 0 0 0 0 0 0 0 0 0 0 0 0 1 1 3 3 3 4 4 4 4 4
4 4 4 4 3 2 2 2 0 0 0 0 0 0 1 1 1 1 1 1 3 3 3 3 3 4 4 4 4 4 4 4
4 1 1 1 1 3 3 3 3 3 3 3 1 1 1 1 3 3 3 3 3 3 3 3 3 3 4 4 4 2 0 0
1 1 0 0 0 0 0 0 0 0 2 3 3 3 3 3 4 3 2 2 2 3 4 4 4 4 1 0 0 0 2 2
0 2 2 2 2 0 0 0 0 0 0 0 0 0 2 2 2 2 3 4 4 3 3 0 0 0 2 2 2 2 2 2
2 2 2 2 2 2 2 2 2 2 2 2 0 0 0 0 0 0 0 0 0 2 2 2 2 2 2 2 2 2 2 2
2 2 2 2 2 2 2 2 2 2 2 2 2 2 2 2 2 2 2 2 2 2 2 2 2 2 2 2 2 2 2 2
2 2 2 2 2 2 2 2 2 2 2 2 2 2 2 2 2 2 2 2 2 2 2 2 2 2 2 2 2 2 2 2

Waves D

Shadow Palette
0: (60, 188,252)
1: (60, 188,252)
2: (168,228,252)
3: (168,228,252)
4: (252,252,252)

Light Palette
0: (168,228,252)
1: (252,252,252)
2: (168,228,252)
3: (252,252,252)
4: (252,252,252)

0 0 0 0 0 0 0 0 0 0 0 0 0 0 0 0 2 2 2 4 4 2 0 0 0 0 0 0 0 0 0 2 
2 2 2 2 2 4 4 4 4 3 2 2 0 0 0 0 0 0 0 0 0 0 0 0 2 2 2 3 4 4 4 4 
4 4 4 4 4 3 0 0 0 0 0 3 3 2 2 2 2 0 0 0 0 2 3 3 3 4 4 4 4 4 4 4 
3 3 3 2 0 0 0 0 0 0 0 0 0 0 3 3 3 3 3 3 3 3 4 4 4 4 4 4 4 4 3 0 
0 1 1 3 3 3 3 3 3 3 3 3 3 3 3 3 3 3 4 4 4 4 4 4 4 4 3 0 0 0 0 0 
0 0 0 0 0 0 0 0 0 0 0 1 4 4 4 4 4 4 4 4 0 0 0 0 0 0 2 2 2 2 2 2 
0 0 0 0 0 0 0 0 2 2 2 2 2 2 2 2 2 2 2 2 2 2 2 2 2 2 2 2 2 2 2 2 
2 2 2 2 2 2 2 2 2 2 2 2 2 2 2 2 2 2 2 2 2 2 2 2 2 2 2 2 2 2 2 2 

3 3 4 4 4 4 4 4 4 4 4 2 2 2 2 2 2 2 2 2 2 2 4 4 4 4 4 0 0 0 0 0
4 4 4 3 0 0 0 0 0 0 0 1 1 1 1 3 2 2 2 2 2 2 2 2 2 2 2 2 2 2 2 2
3 0 0 0 0 0 0 0 0 0 0 0 0 0 0 0 1 1 1 1 1 1 1 1 1 1 3 3 3 3 3 3
0 0 0 0 0 2 2 2 2 2 2 2 0 0 0 0 0 0 0 0 0 0 0 0 1 1 1 1 1 1 1 3
2 2 2 2 2 2 2 2 2 2 2 2 2 2 2 2 2 2 0 0 0 0 0 0 0 0 0 0 0 0 0 0
2 2 2 2 2 2 2 2 2 2 2 2 2 2 2 2 2 2 2 2 2 2 2 2 2 2 0 0 0 0 0 0
2 2 2 2 2 2 2 2 2 2 2 2 2 2 2 2 2 2 2 2 2 2 2 2 2 2 2 2 2 2 2 2
2 2 2 2 2 2 2 2 2 2 2 2 2 2 2 2 2 2 2 2 2 2 2 2 2 2 2 2 2 2 2 2